0,454
0,453
0,452
0,451
0,450
0,449
0,448
34,4
34,3
34,2
34,1
34,0
0,447
0,446
33,5
0,445
0,444
33,4
0,443
0,442
33,3
33,2
0,441
33,1
33,0
0,440
0,439
0,438
32,3
32,2
0,437
32,1
32,0
0,436
0,435
0,434
0,433
31,4
0,432
0,431
0,430
31,3
31,2
0,429
31,1
31,0
0,428
0,427
0,426
0,425
30,5
0,424
0,423
0,422
0,421
30,4
0,420
0,419
0,418
30,3
30,2
0,417
30,1
30,0
0,416
0,415
0,414
0,413
0,412
0,411
0,410
0,409
0,408
0,407
0,406
0,405
0,404
0,403
0,402
0,401
0,400
0,278
0,399
0,398
0,397
0,396
0,395
0,394
0,393
0,392
0,391
29,4
29,3
29,2
29,1
29,0
0,390
0,389
28,5
0,388
0,387
0,386
28,4
28,3
28,2
28,1
28,0
27,3
27,2
27,1
27,0
0,385
0,384
26,4
26,3
26,2
26,1
26,0
0,319
0,318
25,5
0,317
0,316
25,4
25,3
25,2
0,283
25,1
25,0
24,3
24,2
0,9
24,1
24,0
3,2
10,86
10,20
10,30
10,114
10,198
10,196
10,178
10,100
